{
  "advancedEditorSelectedIdentifier" : "ProjectBrowser",
  "openSceneRelativePaths" : [
    "Immersive.usda",
    "Scene.usda"
  ],
  "recentIdentifiers" : {
    "AF09ED6F-1707-48FD-8720-65B998362C09" : [

    ],
    "D66134B1-3681-4A8E-AFE5-29F257229F3B" : [

    ]
  },
  "sceneCameraHistory" : {
    "AF09ED6F-1707-48FD-8720-65B998362C09" : [
      {
        "date" : 729908403.845645,
        "title" : "Untitled",
        "transform" : [
          0.9999381,
          -1.0959754e-08,
          -0.011130302,
          0,
          -0.0019225169,
          0.9849692,
          -0.17271918,
          0,
          0.010962917,
          0.17272983,
          0.9849082,
          0,
          -0.5782377,
          1.300917,
          3.3710182,
          1
        ]
      },
      {
        "date" : 729908393.759285,
        "title" : "Untitled",
        "transform" : [
          0.99630827,
          -1.0877295e-08,
          -0.08584744,
          0,
          -0.031769987,
          0.9290018,
          -0.36870897,
          0,
          0.07975235,
          0.37007514,
          0.9255723,
          0,
          -1.1861196,
          0.49257833,
          -0.2410214,
          1
        ]
      },
      {
        "date" : 729908364.555083,
        "title" : "Untitled",
        "transform" : [
          0.99630827,
          -1.0877295e-08,
          -0.08584744,
          0,
          -0.031769987,
          0.9290018,
          -0.36870897,
          0,
          0.07975235,
          0.37007514,
          0.9255723,
          0,
          0.009097457,
          2.3941064,
          3.9820051,
          1
        ]
      },
      {
        "date" : 729908174.953643,
        "title" : "Untitled",
        "transform" : [
          0.99630827,
          -1.0877295e-08,
          -0.08584744,
          0,
          -0.031769987,
          0.9290018,
          -0.36870897,
          0,
          0.07975235,
          0.37007514,
          0.9255723,
          0,
          -0.4540195,
          0.24510087,
          -1.3927383,
          1
        ]
      },
      {
        "date" : 729908130.280431,
        "title" : "Untitled",
        "transform" : [
          0.99630827,
          -1.0877295e-08,
          -0.08584744,
          0,
          -0.031769987,
          0.9290018,
          -0.36870897,
          0,
          0.07975235,
          0.37007514,
          0.9255723,
          0,
          -0.4730202,
          0.16768686,
          -1.5883034,
          1
        ]
      },
      {
        "date" : 729908125.230627,
        "title" : "Untitled",
        "transform" : [
          0.9963084,
          -1.08772955e-08,
          -0.085847445,
          0,
          -0.031769987,
          0.9290018,
          -0.36870897,
          0,
          0.07975235,
          0.37007514,
          0.9255723,
          0,
          -0.52337795,
          0.050720733,
          -1.5371974,
          1
        ]
      },
      {
        "date" : 729908080.063352,
        "title" : "Untitled",
        "transform" : [
          0.9449704,
          -1.0710556e-08,
          -0.32715586,
          0,
          -0.15332793,
          0.8833737,
          -0.44287872,
          0,
          0.28900078,
          0.46866938,
          0.834762,
          0,
          0.35729986,
          1.2684343,
          1.0296998,
          1
        ]
      },
      {
        "date" : 729908042.697427,
        "title" : "Untitled",
        "transform" : [
          0.9432351,
          -1.0710556e-08,
          -0.33212587,
          0,
          -0.15565722,
          0.8833737,
          -0.44206542,
          0,
          0.29339117,
          0.46866938,
          0.833229,
          0,
          0.35282433,
          1.2423038,
          0.9790947,
          1
        ]
      },
      {
        "date" : 729908035.978677,
        "title" : "Untitled",
        "transform" : [
          0.9991446,
          1.969477e-09,
          0.041352928,
          0,
          0.0012947546,
          0.99950975,
          -0.031283144,
          0,
          -0.041332647,
          0.031309936,
          0.9986547,
          0,
          -0.30401215,
          0.20788491,
          -0.5146216,
          1
        ]
      },
      {
        "date" : 729908017.98092,
        "title" : "Untitled",
        "transform" : [
          0.9991446,
          1.969477e-09,
          0.041352928,
          0,
          0.0012947546,
          0.99950975,
          -0.031283144,
          0,
          -0.041332647,
          0.031309936,
          0.9986547,
          0,
          0.021263584,
          0.5529059,
          1.9506207,
          1
        ]
      }
    ],
    "D66134B1-3681-4A8E-AFE5-29F257229F3B" : [
      {
        "date" : 730009050.564742,
        "title" : "Untitled",
        "transform" : [
          0.67483884,
          3.528167e-11,
          -0.7379651,
          0,
          -0.13615979,
          0.98283124,
          -0.124512605,
          0,
          0.7252951,
          0.18450722,
          0.6632528,
          0,
          6.664554,
          1.4078671,
          5.210682,
          1
        ]
      },
      {
        "date" : 730009045.198314,
        "title" : "Untitled",
        "transform" : [
          0.67483884,
          3.528167e-11,
          -0.7379651,
          0,
          -0.13615979,
          0.98283124,
          -0.124512605,
          0,
          0.7252951,
          0.18450722,
          0.6632528,
          0,
          8.217191,
          -1.4858192,
          4.3177867,
          1
        ]
      },
      {
        "date" : 730008895.197805,
        "title" : "Untitled",
        "transform" : [
          0.6748388,
          3.5281666e-11,
          -0.73796505,
          0,
          -0.13615979,
          0.98283124,
          -0.124512605,
          0,
          0.7252951,
          0.18450722,
          0.6632528,
          0,
          5.524695,
          -0.79503727,
          3.7898054,
          1
        ]
      },
      {
        "date" : 730008858.272572,
        "title" : "Untitled",
        "transform" : [
          0.7475249,
          3.181384e-10,
          -0.6642337,
          0,
          -0.1228209,
          0.9827562,
          -0.13822202,
          0,
          0.6527797,
          0.1849063,
          0.73463476,
          0,
          3.1563883,
          -0.49004984,
          2.6848104,
          1
        ]
      },
      {
        "date" : 730008849.372507,
        "title" : "Untitled",
        "transform" : [
          0.89807457,
          -1.2684785e-09,
          0.43984312,
          0,
          0.28716165,
          0.7574676,
          -0.58632845,
          0,
          -0.3331669,
          0.6528728,
          0.6802623,
          0,
          -2.1675186,
          3.07432,
          6.889841,
          1
        ]
      },
      {
        "date" : 729912997.30074,
        "title" : "Untitled",
        "transform" : [
          0.89807457,
          -1.2684785e-09,
          0.43984312,
          0,
          0.28716162,
          0.7574675,
          -0.5863284,
          0,
          -0.3331669,
          0.6528728,
          0.6802623,
          0,
          -1.0847833,
          1.5386125,
          3.4481757,
          1
        ]
      },
      {
        "date" : 729908002.264169,
        "title" : "Untitled",
        "transform" : [
          0.99999994,
          0,
          0,
          0,
          0,
          0.8660254,
          -0.49999988,
          0,
          0,
          0.49999988,
          0.8660254,
          0,
          0.32730156,
          1.658045,
          4.4957547,
          1
        ]
      },
      {
        "date" : 729907280.161447,
        "title" : "Untitled",
        "transform" : [
          0.99999994,
          0,
          0,
          0,
          0,
          0.8660254,
          -0.49999988,
          0,
          0,
          0.49999988,
          0.8660254,
          0,
          -0.018615074,
          0.3251966,
          0.34093493,
          1
        ]
      },
      {
        "date" : 729907271.324474,
        "title" : "Untitled",
        "transform" : [
          0.99999994,
          0,
          0,
          0,
          0,
          0.8660254,
          -0.49999988,
          0,
          0,
          0.49999988,
          0.8660254,
          0,
          -0.10459015,
          0.38580874,
          0.6684403,
          1
        ]
      },
      {
        "date" : 729907262.462695,
        "title" : "Untitled",
        "transform" : [
          0.99999994,
          0,
          0,
          0,
          0,
          0.8660254,
          -0.49999988,
          0,
          0,
          0.49999988,
          0.8660254,
          0,
          0,
          0.4949545,
          0.8574864,
          1
        ]
      }
    ]
  },
  "selectedSceneRelativePath" : "Scene.usda"
}